version: kernel_trainer_v2_loso
cache: C:\Users\13142\Atlas\Atlas\data\model\_v1_playoff_resim_cache.pkl
phase2:
  winner_params:
    thin_window_games: 20.0
    thin_window_max_mult: 1.3
    post_sim_exponent: 0.0
    rate_min_correlation: 0.55
    rate_std_AST: 1.296
    rate_std_FG3M: 1.151
    rate_std_PA: 1.055
    rate_std_PR: 1.005
    rate_std_PRA: 1.105
    rate_std_PTS: 1.15
    rate_std_RA: 1.039
    rate_std_REB: 1.051
    spread_sd: 11.0
    star_minute_drop: 8.0
    threshold_margin: 14.0
  winner_brier_adj: 0.22963237958044497
  base_brier_adj: 0.2298377742455563
  delta_mB: -0.20539466511132476
  dates_better: 5
  dates_worse: 4
  worst_slate: '2026-05-04'
  worst_delta_mB: 0.8195076078005015
  gate_passes: true
  per_slate:
  - date: '2026-04-30'
    delta_mB: 0.0
    n: 1942
  - date: '2026-05-01'
    delta_mB: 0.0702417251521592
    n: 1938
  - date: '2026-05-02'
    delta_mB: -3.7476350644016776
    n: 628
  - date: '2026-05-03'
    delta_mB: -0.3567996740110324
    n: 1323
  - date: '2026-05-04'
    delta_mB: 0.8195076078005015
    n: 1371
  - date: '2026-05-05'
    delta_mB: -0.6835597430474016
    n: 1523
  - date: '2026-05-06'
    delta_mB: 0.2749146150324566
    n: 1434
  - date: '2026-05-07'
    delta_mB: 0.2746094344985295
    n: 1562
  - date: '2026-05-08'
    delta_mB: -0.6310939690225836
    n: 1465
  elapsed_s: 2279.6369183063507
